time	time	departures_all	arrivals_all	stuck_all	en-route_all	departures_car	arrivals_car	stuck_car	en-route_car
00:00:00	0	0	0	0	0	0	0	0	0
00:05:00	300	0	0	0	0	0	0	0	0
00:10:00	600	0	0	0	0	0	0	0	0
00:15:00	900	0	0	0	0	0	0	0	0
00:20:00	1200	0	0	0	0	0	0	0	0
00:25:00	1500	0	0	0	0	0	0	0	0
00:30:00	1800	0	0	0	0	0	0	0	0
00:35:00	2100	0	0	0	0	0	0	0	0
00:40:00	2400	0	0	0	0	0	0	0	0
00:45:00	2700	0	0	0	0	0	0	0	0
00:50:00	3000	0	0	0	0	0	0	0	0
00:55:00	3300	0	0	0	0	0	0	0	0
01:00:00	3600	0	0	0	0	0	0	0	0
01:05:00	3900	0	0	0	0	0	0	0	0
01:10:00	4200	0	0	0	0	0	0	0	0
01:15:00	4500	0	0	0	0	0	0	0	0
01:20:00	4800	0	0	0	0	0	0	0	0
01:25:00	5100	0	0	0	0	0	0	0	0
01:30:00	5400	0	0	0	0	0	0	0	0
01:35:00	5700	0	0	0	0	0	0	0	0
01:40:00	6000	0	0	0	0	0	0	0	0
01:45:00	6300	0	0	0	0	0	0	0	0
01:50:00	6600	0	0	0	0	0	0	0	0
01:55:00	6900	0	0	0	0	0	0	0	0
02:00:00	7200	0	0	0	0	0	0	0	0
02:05:00	7500	0	0	0	0	0	0	0	0
02:10:00	7800	0	0	0	0	0	0	0	0
02:15:00	8100	0	0	0	0	0	0	0	0
02:20:00	8400	0	0	0	0	0	0	0	0
02:25:00	8700	0	0	0	0	0	0	0	0
02:30:00	9000	0	0	0	0	0	0	0	0
02:35:00	9300	0	0	0	0	0	0	0	0
02:40:00	9600	0	0	0	0	0	0	0	0
02:45:00	9900	0	0	0	0	0	0	0	0
02:50:00	10200	0	0	0	0	0	0	0	0
02:55:00	10500	0	0	0	0	0	0	0	0
03:00:00	10800	0	0	0	0	0	0	0	0
03:05:00	11100	0	0	0	0	0	0	0	0
03:10:00	11400	0	0	0	0	0	0	0	0
03:15:00	11700	0	0	0	0	0	0	0	0
03:20:00	12000	0	0	0	0	0	0	0	0
03:25:00	12300	0	0	0	0	0	0	0	0
03:30:00	12600	0	0	0	0	0	0	0	0
03:35:00	12900	0	0	0	0	0	0	0	0
03:40:00	13200	0	0	0	0	0	0	0	0
03:45:00	13500	0	0	0	0	0	0	0	0
03:50:00	13800	2	0	0	2	2	0	0	2
03:55:00	14100	0	0	0	2	0	0	0	2
04:00:00	14400	0	1	0	1	0	1	0	1
04:05:00	14700	0	0	0	1	0	0	0	1
04:10:00	15000	0	0	0	1	0	0	0	1
04:15:00	15300	0	0	0	1	0	0	0	1
04:20:00	15600	1	1	0	1	1	1	0	1
04:25:00	15900	1	2	0	0	1	2	0	0
04:30:00	16200	3	1	0	2	3	1	0	2
04:35:00	16500	3	0	0	5	3	0	0	5
04:40:00	16800	2	4	0	3	2	4	0	3
04:45:00	17100	3	0	0	6	3	0	0	6
04:50:00	17400	3	5	0	4	3	5	0	4
04:55:00	17700	7	3	0	8	7	3	0	8
05:00:00	18000	9	3	0	14	9	3	0	14
05:05:00	18300	11	6	0	19	11	6	0	19
05:10:00	18600	19	13	0	25	19	13	0	25
05:15:00	18900	14	14	0	25	14	14	0	25
05:20:00	19200	19	12	0	32	19	12	0	32
05:25:00	19500	21	25	0	28	21	25	0	28
05:30:00	19800	33	17	0	44	33	17	0	44
05:35:00	20100	33	23	0	54	33	23	0	54
05:40:00	20400	26	27	0	53	26	27	0	53
05:45:00	20700	32	21	0	64	32	21	0	64
05:50:00	21000	55	49	0	70	55	49	0	70
05:55:00	21300	68	43	0	95	68	43	0	95
06:00:00	21600	74	60	0	109	74	60	0	109
06:05:00	21900	83	78	0	114	83	78	0	114
06:10:00	22200	108	72	0	150	108	72	0	150
06:15:00	22500	112	94	0	168	112	94	0	168
06:20:00	22800	122	98	0	192	122	98	0	192
06:25:00	23100	150	120	0	222	150	120	0	222
06:30:00	23400	149	134	0	237	149	134	0	237
06:35:00	23700	154	147	0	244	154	147	0	244
06:40:00	24000	202	155	0	291	202	155	0	291
06:45:00	24300	181	169	0	303	181	169	0	303
06:50:00	24600	228	192	0	339	228	192	0	339
06:55:00	24900	203	197	0	345	203	197	0	345
07:00:00	25200	240	216	0	369	240	216	0	369
07:05:00	25500	259	226	0	402	259	226	0	402
07:10:00	25800	281	251	0	432	281	251	0	432
07:15:00	26100	296	259	0	469	296	259	0	469
07:20:00	26400	317	267	0	519	317	267	0	519
07:25:00	26700	348	318	0	549	348	318	0	549
07:30:00	27000	313	292	0	570	313	292	0	570
07:35:00	27300	327	345	0	552	327	345	0	552
07:40:00	27600	397	319	0	630	397	319	0	630
07:45:00	27900	408	360	0	678	408	360	0	678
07:50:00	28200	413	376	0	715	413	376	0	715
07:55:00	28500	367	388	0	694	367	388	0	694
08:00:00	28800	415	412	0	697	415	412	0	697
08:05:00	29100	420	384	0	733	420	384	0	733
08:10:00	29400	411	416	0	728	411	416	0	728
08:15:00	29700	412	412	0	728	412	412	0	728
08:20:00	30000	356	367	0	717	356	367	0	717
08:25:00	30300	366	377	0	706	366	377	0	706
08:30:00	30600	361	384	0	683	361	384	0	683
08:35:00	30900	364	365	0	682	364	365	0	682
08:40:00	31200	343	367	0	658	343	367	0	658
08:45:00	31500	333	344	0	647	333	344	0	647
08:50:00	31800	320	369	0	598	320	369	0	598
08:55:00	32100	341	318	0	621	341	318	0	621
09:00:00	32400	299	309	0	611	299	309	0	611
09:05:00	32700	331	328	0	614	331	328	0	614
09:10:00	33000	312	292	0	634	312	292	0	634
09:15:00	33300	287	279	0	642	287	279	0	642
09:20:00	33600	244	313	0	573	244	313	0	573
09:25:00	33900	277	283	0	567	277	283	0	567
09:30:00	34200	253	274	0	546	253	274	0	546
09:35:00	34500	239	254	0	531	239	254	0	531
09:40:00	34800	286	243	0	574	286	243	0	574
09:45:00	35100	224	258	0	540	224	258	0	540
09:50:00	35400	236	283	0	493	236	283	0	493
09:55:00	35700	201	227	0	467	201	227	0	467
10:00:00	36000	214	215	0	466	214	215	0	466
10:05:00	36300	188	195	0	459	188	195	0	459
10:10:00	36600	201	210	0	450	201	210	0	450
10:15:00	36900	185	209	0	426	185	209	0	426
10:20:00	37200	188	203	0	411	188	203	0	411
10:25:00	37500	179	180	0	410	179	180	0	410
10:30:00	37800	179	188	0	401	179	188	0	401
10:35:00	38100	180	165	0	416	180	165	0	416
10:40:00	38400	169	195	0	390	169	195	0	390
10:45:00	38700	183	177	0	396	183	177	0	396
10:50:00	39000	137	175	0	358	137	175	0	358
10:55:00	39300	190	171	0	377	190	171	0	377
11:00:00	39600	160	167	0	370	160	167	0	370
11:05:00	39900	177	175	0	372	177	175	0	372
11:10:00	40200	144	162	0	354	144	162	0	354
11:15:00	40500	171	141	0	384	171	141	0	384
11:20:00	40800	142	189	0	337	142	189	0	337
11:25:00	41100	167	155	0	349	167	155	0	349
11:30:00	41400	180	161	0	368	180	161	0	368
11:35:00	41700	154	154	0	368	154	154	0	368
11:40:00	42000	160	191	0	337	160	191	0	337
11:45:00	42300	144	141	0	340	144	141	0	340
11:50:00	42600	165	156	0	349	165	156	0	349
11:55:00	42900	154	150	0	353	154	150	0	353
12:00:00	43200	147	165	0	335	147	165	0	335
12:05:00	43500	149	142	0	342	149	142	0	342
12:10:00	43800	152	161	0	333	152	161	0	333
12:15:00	44100	143	160	0	316	143	160	0	316
12:20:00	44400	163	150	0	329	163	150	0	329
12:25:00	44700	153	156	0	326	153	156	0	326
12:30:00	45000	147	147	0	326	147	147	0	326
12:35:00	45300	148	150	0	324	148	150	0	324
12:40:00	45600	156	145	0	335	156	145	0	335
12:45:00	45900	173	149	0	359	173	149	0	359
12:50:00	46200	137	146	0	350	137	146	0	350
12:55:00	46500	153	178	0	325	153	178	0	325
13:00:00	46800	143	142	0	326	143	142	0	326
13:05:00	47100	144	143	0	327	144	143	0	327
13:10:00	47400	137	141	0	323	137	141	0	323
13:15:00	47700	147	153	0	317	147	153	0	317
13:20:00	48000	158	141	0	334	158	141	0	334
13:25:00	48300	151	142	0	343	151	142	0	343
13:30:00	48600	136	155	0	324	136	155	0	324
13:35:00	48900	134	133	0	325	134	133	0	325
13:40:00	49200	128	145	0	308	128	145	0	308
13:45:00	49500	124	158	0	274	124	158	0	274
13:50:00	49800	127	126	0	275	127	126	0	275
13:55:00	50100	135	120	0	290	135	120	0	290
14:00:00	50400	142	134	0	298	142	134	0	298
14:05:00	50700	148	131	0	315	148	131	0	315
14:10:00	51000	132	136	0	311	132	136	0	311
14:15:00	51300	113	146	0	278	113	146	0	278
14:20:00	51600	121	121	0	278	121	121	0	278
14:25:00	51900	138	128	0	288	138	128	0	288
14:30:00	52200	131	124	0	295	131	124	0	295
14:35:00	52500	132	144	0	283	132	144	0	283
14:40:00	52800	133	124	0	292	133	124	0	292
14:45:00	53100	132	135	0	289	132	135	0	289
14:50:00	53400	128	131	0	286	128	131	0	286
14:55:00	53700	113	132	0	267	113	132	0	267
15:00:00	54000	131	120	0	278	131	120	0	278
15:05:00	54300	136	124	0	290	136	124	0	290
15:10:00	54600	123	124	0	289	123	124	0	289
15:15:00	54900	139	138	0	290	139	138	0	290
15:20:00	55200	121	141	0	270	121	141	0	270
15:25:00	55500	128	127	0	271	128	127	0	271
15:30:00	55800	122	122	0	271	122	122	0	271
15:35:00	56100	116	139	0	248	116	139	0	248
15:40:00	56400	108	108	0	248	108	108	0	248
15:45:00	56700	102	112	0	238	102	112	0	238
15:50:00	57000	109	113	0	234	109	113	0	234
15:55:00	57300	100	96	0	238	100	96	0	238
16:00:00	57600	99	105	0	232	99	105	0	232
16:05:00	57900	86	110	0	208	86	110	0	208
16:10:00	58200	104	82	0	230	104	82	0	230
16:15:00	58500	110	116	0	224	110	116	0	224
16:20:00	58800	93	91	0	226	93	91	0	226
16:25:00	59100	94	106	0	214	94	106	0	214
16:30:00	59400	99	101	0	212	99	101	0	212
16:35:00	59700	94	86	0	220	94	86	0	220
16:40:00	60000	72	101	0	191	72	101	0	191
16:45:00	60300	96	88	0	199	96	88	0	199
16:50:00	60600	96	78	0	217	96	78	0	217
16:55:00	60900	86	98	0	205	86	98	0	205
17:00:00	61200	93	79	0	219	93	79	0	219
17:05:00	61500	83	100	0	202	83	100	0	202
17:10:00	61800	70	92	0	180	70	92	0	180
17:15:00	62100	81	76	0	185	81	76	0	185
17:20:00	62400	73	77	0	181	73	77	0	181
17:25:00	62700	70	79	0	172	70	79	0	172
17:30:00	63000	86	83	0	175	86	83	0	175
17:35:00	63300	69	79	0	165	69	79	0	165
17:40:00	63600	77	70	0	172	77	70	0	172
17:45:00	63900	80	76	0	176	80	76	0	176
17:50:00	64200	73	71	0	178	73	71	0	178
17:55:00	64500	78	85	0	171	78	85	0	171
18:00:00	64800	70	73	0	168	70	73	0	168
18:05:00	65100	79	75	0	172	79	75	0	172
18:10:00	65400	88	76	0	184	88	76	0	184
18:15:00	65700	71	90	0	165	71	90	0	165
18:20:00	66000	79	75	0	169	79	75	0	169
18:25:00	66300	62	72	0	159	62	72	0	159
18:30:00	66600	54	61	0	152	54	61	0	152
18:35:00	66900	72	79	0	145	72	79	0	145
18:40:00	67200	61	57	0	149	61	57	0	149
18:45:00	67500	67	66	0	150	67	66	0	150
18:50:00	67800	55	64	0	141	55	64	0	141
18:55:00	68100	56	53	0	144	56	53	0	144
19:00:00	68400	59	63	0	140	59	63	0	140
19:05:00	68700	51	59	0	132	51	59	0	132
19:10:00	69000	69	63	0	138	69	63	0	138
19:15:00	69300	52	63	0	127	52	63	0	127
19:20:00	69600	38	52	0	113	38	52	0	113
19:25:00	69900	59	56	0	116	59	56	0	116
19:30:00	70200	65	52	0	129	65	52	0	129
19:35:00	70500	51	50	0	130	51	50	0	130
19:40:00	70800	40	59	0	111	40	59	0	111
19:45:00	71100	55	50	0	116	55	50	0	116
19:50:00	71400	40	50	0	106	40	50	0	106
19:55:00	71700	52	36	0	122	52	36	0	122
20:00:00	72000	46	40	0	128	46	40	0	128
20:05:00	72300	38	54	0	112	38	54	0	112
20:10:00	72600	44	47	0	109	44	47	0	109
20:15:00	72900	44	53	0	100	44	53	0	100
20:20:00	73200	34	40	0	94	34	40	0	94
20:25:00	73500	34	41	0	87	34	41	0	87
20:30:00	73800	34	35	0	86	34	35	0	86
20:35:00	74100	41	43	0	84	41	43	0	84
20:40:00	74400	47	37	0	94	47	37	0	94
20:45:00	74700	44	40	0	98	44	40	0	98
20:50:00	75000	51	47	0	102	51	47	0	102
20:55:00	75300	36	46	0	92	36	46	0	92
21:00:00	75600	47	41	0	98	47	41	0	98
21:05:00	75900	27	40	0	85	27	40	0	85
21:10:00	76200	41	39	0	87	41	39	0	87
21:15:00	76500	28	34	0	81	28	34	0	81
21:20:00	76800	36	42	0	75	36	42	0	75
21:25:00	77100	37	29	0	83	37	29	0	83
21:30:00	77400	35	35	0	83	35	35	0	83
21:35:00	77700	32	28	0	87	32	28	0	87
21:40:00	78000	34	40	0	81	34	40	0	81
21:45:00	78300	32	40	0	73	32	40	0	73
21:50:00	78600	25	33	0	65	25	33	0	65
21:55:00	78900	26	28	0	63	26	28	0	63
22:00:00	79200	29	31	0	61	29	31	0	61
22:05:00	79500	26	24	0	63	26	24	0	63
22:10:00	79800	23	31	0	55	23	31	0	55
22:15:00	80100	27	16	0	66	27	16	0	66
22:20:00	80400	26	28	0	64	26	28	0	64
22:25:00	80700	29	26	0	67	29	26	0	67
22:30:00	81000	22	28	0	61	22	28	0	61
22:35:00	81300	25	28	0	58	25	28	0	58
22:40:00	81600	19	22	0	55	19	22	0	55
22:45:00	81900	26	32	0	49	26	32	0	49
22:50:00	82200	26	26	0	49	26	26	0	49
22:55:00	82500	20	22	0	47	20	22	0	47
23:00:00	82800	26	15	0	58	26	15	0	58
23:05:00	83100	20	22	0	56	20	22	0	56
23:10:00	83400	23	25	0	54	23	25	0	54
23:15:00	83700	16	22	0	48	16	22	0	48
23:20:00	84000	18	22	0	44	18	22	0	44
23:25:00	84300	23	18	0	49	23	18	0	49
23:30:00	84600	24	21	0	52	24	21	0	52
23:35:00	84900	11	19	0	44	11	19	0	44
23:40:00	85200	23	23	0	44	23	23	0	44
23:45:00	85500	18	19	0	43	18	19	0	43
23:50:00	85800	15	15	0	43	15	15	0	43
23:55:00	86100	11	19	0	35	11	19	0	35
24:00:00	86400	21	13	0	43	21	13	0	43
24:05:00	86700	11	19	0	35	11	19	0	35
24:10:00	87000	10	18	0	27	10	18	0	27
24:15:00	87300	11	15	0	23	11	15	0	23
24:20:00	87600	10	8	0	25	10	8	0	25
24:25:00	87900	10	14	0	21	10	14	0	21
24:30:00	88200	11	6	0	26	11	6	0	26
24:35:00	88500	14	13	0	27	14	13	0	27
24:40:00	88800	11	10	0	28	11	10	0	28
24:45:00	89100	6	12	0	22	6	12	0	22
24:50:00	89400	9	8	0	23	9	8	0	23
24:55:00	89700	15	14	0	24	15	14	0	24
25:00:00	90000	12	9	0	27	12	9	0	27
25:05:00	90300	5	11	0	21	5	11	0	21
25:10:00	90600	10	10	0	21	10	10	0	21
25:15:00	90900	6	9	0	18	6	9	0	18
25:20:00	91200	6	8	0	16	6	8	0	16
25:25:00	91500	10	5	0	21	10	5	0	21
25:30:00	91800	6	8	0	19	6	8	0	19
25:35:00	92100	4	6	0	17	4	6	0	17
25:40:00	92400	5	5	0	17	5	5	0	17
25:45:00	92700	8	8	0	17	8	8	0	17
25:50:00	93000	11	11	0	17	11	11	0	17
25:55:00	93300	5	4	0	18	5	4	0	18
26:00:00	93600	6	9	0	15	6	9	0	15
26:05:00	93900	2	6	0	11	2	6	0	11
26:10:00	94200	6	5	0	12	6	5	0	12
26:15:00	94500	6	5	0	13	6	5	0	13
26:20:00	94800	5	2	0	16	5	2	0	16
26:25:00	95100	7	2	0	21	7	2	0	21
26:30:00	95400	4	7	0	18	4	7	0	18
26:35:00	95700	6	7	0	17	6	7	0	17
26:40:00	96000	4	8	0	13	4	8	0	13
26:45:00	96300	5	5	0	13	5	5	0	13
26:50:00	96600	2	6	0	9	2	6	0	9
26:55:00	96900	3	3	0	9	3	3	0	9
27:00:00	97200	5	4	0	10	5	4	0	10
27:05:00	97500	4	4	0	10	4	4	0	10
27:10:00	97800	5	5	0	10	5	5	0	10
27:15:00	98100	1	3	0	8	1	3	0	8
27:20:00	98400	7	5	0	10	7	5	0	10
27:25:00	98700	2	3	0	9	2	3	0	9
27:30:00	99000	5	5	0	9	5	5	0	9
27:35:00	99300	1	3	0	7	1	3	0	7
27:40:00	99600	3	3	0	7	3	3	0	7
27:45:00	99900	4	4	0	7	4	4	0	7
27:50:00	100200	1	2	0	6	1	2	0	6
27:55:00	100500	1	3	0	4	1	3	0	4
28:00:00	100800	4	0	0	8	4	0	0	8
28:05:00	101100	4	4	0	8	4	4	0	8
28:10:00	101400	2	4	0	6	2	4	0	6
28:15:00	101700	2	2	0	6	2	2	0	6
28:20:00	102000	1	2	0	5	1	2	0	5
28:25:00	102300	0	2	0	3	0	2	0	3
28:30:00	102600	0	0	0	3	0	0	0	3
28:35:00	102900	1	1	0	3	1	1	0	3
28:40:00	103200	3	1	0	5	3	1	0	5
28:45:00	103500	5	3	0	7	5	3	0	7
28:50:00	103800	1	2	0	6	1	2	0	6
28:55:00	104100	1	3	0	4	1	3	0	4
29:00:00	104400	4	3	0	5	4	3	0	5
29:05:00	104700	6	2	0	9	6	2	0	9
29:10:00	105000	2	2	0	9	2	2	0	9
29:15:00	105300	1	5	0	5	1	5	0	5
29:20:00	105600	1	3	0	3	1	3	0	3
29:25:00	105900	3	2	0	4	3	2	0	4
29:30:00	106200	1	2	0	3	1	2	0	3
29:35:00	106500	0	0	0	3	0	0	0	3
29:40:00	106800	1	2	0	2	1	2	0	2
29:45:00	107100	0	0	0	2	0	0	0	2
29:50:00	107400	0	0	0	2	0	0	0	2
29:55:00	107700	3	3	0	2	3	3	0	2
30:00:00	108000	3	1	0	4	3	1	0	4
30:05:00	108300	42	46	0	0	42	46	0	0
