ITERATION  avg. EXECUTED       avg. WORST          avg. AVG            avg. BEST
0          28742.750015201498  28742.750015201498  28742.750015201498  28742.750015201498
...
10          28648.360068406604  28745.348173034345  28695.555041804153  28645.788287343483
...
20          28601.267057252593  28749.02499586157   28670.362327059902  28594.874682563106
...
30          28554.155528743267  28746.32773291162   28636.37488661348   28526.915645433135
...
40          28482.750015201498  28742.750015201498  28613.750015201498  28476.750015201498
...
50          28438.360068406604  28738.348173034345  28564.555041804153  28432.788287343483
...
60          28396.267057252593  28724.02499586157   28534.362327059902  28398.874682563106
...
70          28365.155528743267  28713.32773291162   28512.37488661348   28362.915645433135
...
80          28341.750015201498  28708.750015201498  28494.750015201498  28327.750015201498
...
90          28336.360068406604  28705.348173034345  28475.555041804153  28293.788287343483
...
100         28302.267057252593  28695.02499586157   28458.362327059902  28253.874682563106