pattern	0+	5+	10+	15+	20+	25+	30+	35+	40+	45+	50+	55+	60+
e1---h5	0	1	1	0	0	0	0	0	0	0	0	0	0
e1---h6	1	1	4	2	1	1	0	0	0	0	0	0	0
e1---h7	0	2	7	4	3	2	1	1	0	0	0	0	0
e1---h8	2	2	5	2	2	0	1	0	0	1	0	0	0
e1---h9	0	3	0	2	0	0	0	0	0	0	0	0	0
e1---l1	1	4	2	0	0	0	0	0	0	0	0	0	0
e1---w2	2	5	7	4	3	3	1	0	0	0	0	0	0
e2---h5	0	1	0	0	0	0	0	0	0	0	0	0	0
e2---h6	0	1	1	0	0	1	0	0	0	0	0	0	0
e2---h7	0	0	4	0	1	0	1	0	0	0	0	0	0
e2---h8	2	1	3	3	2	0	0	0	0	0	0	0	0
e2---h9	0	1	0	1	2	1	1	0	0	0	0	0	0
e2---l0.5	2	0	2	0	0	0	0	0	0	0	0	0	0
e2---l1	2	1	0	0	0	0	0	0	0	0	0	0	0
e3---h10	0	1	0	0	0	0	0	0	0	0	0	0	0
e3---h5	0	0	0	1	1	0	0	0	0	0	0	0	0
e3---h6	1	6	4	1	1	0	0	0	0	1	0	0	0
e3---h7	2	2	1	3	1	1	0	0	0	0	0	0	0
e3---h8	1	1	1	2	0	0	1	0	0	0	0	0	0
e3---h9	0	1	1	0	1	0	0	0	0	0	0	0	0
e3---l3	0	3	0	0	0	0	0	0	0	0	0	0	1
e3---s1	0	2	2	0	0	0	0	0	0	0	0	0	0
e4---h10	0	0	0	1	0	0	0	0	0	0	0	0	0
e4---h7	0	2	0	0	0	0	0	0	0	0	0	0	0
e4---h8	1	1	0	0	0	0	0	0	0	0	0	0	0
e4---h9	0	0	1	0	0	0	0	0	0	0	0	0	0
e4---l0.5	2	17	4	1	1	0	0	0	0	0	0	0	0
e4---s1	4	16	5	0	0	0	0	0	0	0	0	0	0
e6---s0.5	0	0	1	0	0	1	0	0	0	0	0	0	0
e7---h6	0	3	0	0	0	0	0	0	0	0	0	0	0
e7---h7	0	3	3	0	0	0	0	0	0	0	0	0	0
e7---h8	1	1	3	0	0	0	0	0	0	0	0	0	0
e7---s5	1	1	0	1	0	0	0	0	0	0	0	0	0
h0.5---l2	4	8	2	1	2	0	0	0	0	0	0	0	0
h0.5---l3	11	14	6	1	0	0	0	0	0	0	0	0	0
h0.5---w8	5	12	8	3	2	1	0	1	0	0	0	0	0
h1---l2	0	3	0	0	0	0	0	0	0	0	0	0	0
h1---s0.5	5	17	1	2	0	0	0	0	0	0	0	0	0
h1---w0.5	4	5	3	4	2	0	1	1	0	1	0	0	0
h1---w3	14	10	8	6	4	4	2	2	0	0	0	0	0
h10---e4	0	0	0	1	0	0	0	0	0	0	0	0	0
h10---h0.5	2	0	0	0	0	0	0	0	0	0	0	0	0
h10---h10	18	0	0	0	0	0	0	0	0	0	0	0	0
h10---h2	1	0	0	0	0	0	0	0	0	0	0	0	0
h10---h3	4	0	0	0	0	0	0	0	0	0	0	0	0
h10---h4	2	0	0	0	0	0	0	0	0	0	0	0	0
h10---h5	3	0	0	0	0	0	0	0	0	0	0	0	0
h10---h6	3	0	0	0	0	0	0	0	0	0	0	0	0
h10---h7	2	0	0	0	0	0	0	0	0	0	0	0	0
h10---h8	2	0	0	0	0	0	0	0	0	0	0	0	0
h10---l0.5	1	2	0	0	0	0	0	0	0	0	0	0	0
h10---l1	5	14	7	1	1	0	0	0	0	0	0	0	0
h10---l10	0	1	0	0	0	0	0	0	0	0	0	0	0
h10---l12	0	1	0	0	0	0	0	0	0	0	0	0	0
h10---l2	2	14	6	2	0	0	0	0	0	0	0	0	0
h10---l3	1	9	3	0	1	0	0	0	0	0	0	0	0
h10---l4	3	2	3	0	0	0	0	0	0	0	0	0	0
h10---l5	0	2	2	0	0	0	0	0	0	0	0	0	0
h10---s0.5	5	12	3	1	0	0	0	0	0	0	0	0	0
h10---s1	0	2	6	1	0	0	1	0	0	0	0	0	0
h10---s2	1	3	0	0	0	0	0	0	0	0	0	0	0
h10---s4	1	1	1	0	0	0	0	0	0	0	0	0	0
h10---w0.5	1	3	3	4	2	0	0	2	0	0	0	0	0
h10---w1	0	1	0	0	0	0	0	0	0	0	0	0	0
h10---w11	0	1	0	0	0	0	0	0	0	0	0	0	0
h10---w3	0	0	3	1	0	0	0	0	0	0	0	0	0
h10---w4	0	3	1	3	1	0	0	0	0	0	0	0	0
h10---w5	1	1	0	0	0	0	0	0	0	0	0	0	0
h10---w6	1	0	0	1	0	0	0	0	0	0	0	0	0
h10---w7	0	0	0	1	0	0	0	0	0	0	0	0	0
h10---w9	0	0	1	0	1	0	0	0	0	0	0	0	0
h11---l1	1	2	2	1	0	0	0	0	0	0	0	0	0
h11---l2	1	0	0	0	0	0	0	0	0	0	0	0	0
h11---l3	1	1	0	1	0	0	0	0	0	0	0	0	0
h11---s0.5	0	2	0	0	0	0	0	0	0	0	0	0	0
h11---s1	0	2	0	0	0	0	0	0	0	0	0	0	0
h11---w0.5	5	16	12	4	3	5	1	0	0	0	0	0	0
h2---l2	6	5	4	0	1	0	0	0	0	0	0	0	0
h2---l3	1	1	0	0	0	0	0	0	0	0	0	0	0
h2---l4	8	32	11	1	0	0	0	0	0	0	0	0	0
h2---l6	1	1	1	0	0	0	0	0	0	0	0	0	0
h2---s1	1	1	1	0	0	0	0	0	0	0	0	0	0
h2---w0.5	2	10	6	4	3	0	1	0	0	0	0	0	0
h2---w4	1	6	6	3	4	0	0	0	0	0	0	0	0
h2---w5	5	3	3	1	3	1	0	0	0	0	0	0	0
h2---w9	4	13	10	10	3	4	0	0	0	0	0	0	0
h3---l2	4	11	7	2	0	0	0	0	0	0	0	0	0
h3---l4	5	14	12	0	0	0	0	0	0	0	0	0	1
h3---s0.5	7	12	6	2	1	0	0	0	0	0	0	0	0
h3---w0.5	4	7	9	6	1	1	0	0	0	0	0	0	0
h3---w3	3	9	7	2	3	0	0	0	0	0	0	0	0
h3---w4	4	12	9	11	4	1	1	1	0	0	0	0	0
h3---w5	2	9	6	4	0	1	0	0	0	0	0	0	0
h3---w6	5	4	6	1	2	0	0	0	0	0	0	0	0
h4---h3	1	0	0	0	0	0	0	0	0	0	0	0	0
h4---h4	1	0	0	0	0	0	0	0	0	0	0	0	0
h4---l1	1	1	0	1	0	0	1	0	0	0	0	0	0
h4---l2	4	9	4	3	0	1	0	0	0	1	0	0	0
h4---l3	2	4	1	0	0	0	0	0	0	0	0	0	0
h4---l4	7	6	3	2	0	0	0	0	0	0	0	0	0
h4---s0.5	11	7	5	2	0	1	1	0	0	0	0	0	0
h4---w0.5	0	1	0	0	1	0	0	0	0	0	0	0	0
h4---w3	3	6	3	2	4	0	0	0	0	0	0	0	0
h4---w5	12	17	20	12	9	4	0	0	2	0	0	1	0
h4---w6	4	7	4	4	0	0	0	0	0	0	0	0	0
h4---w7	1	0	0	0	0	0	0	0	0	0	0	0	0
h5---e2	0	1	0	0	0	0	0	0	0	0	0	0	0
h5---e3	0	2	2	0	0	0	0	0	0	0	0	0	0
h5---h1	3	0	0	0	0	0	0	0	0	0	0	0	0
h5---h3	1	0	0	0	0	0	0	0	0	0	0	0	0
h5---h4	3	0	0	0	0	0	0	0	0	0	0	0	0
h5---h5	35	0	0	0	0	0	0	0	0	0	0	0	0
h5---h7	1	0	0	0	0	0	0	0	0	0	0	0	0
h5---h8	1	0	0	0	0	0	0	0	0	0	0	0	0
h5---l0.5	0	3	3	0	0	0	0	0	0	0	0	0	0
h5---l1	6	20	11	4	2	0	0	0	0	0	0	0	0
h5---l2	3	6	5	1	1	0	0	0	0	0	0	0	0
h5---l3	1	11	5	2	0	0	0	0	0	0	0	0	0
h5---l4	1	4	0	0	0	0	0	0	0	0	0	0	0
h5---l5	0	3	0	1	0	0	0	0	0	0	0	0	0
h5---l7	0	1	0	0	0	0	0	0	0	0	0	0	0
h5---l8	0	1	0	0	0	0	0	0	0	0	0	0	0
h5---s0.5	9	19	6	0	2	0	0	0	0	0	0	0	0
h5---s1	9	23	14	1	2	0	0	0	0	0	0	0	0
h5---s2	9	10	2	0	0	0	0	0	0	0	0	0	0
h5---s3	0	0	0	1	0	0	0	0	0	0	0	0	0
h5---s4	0	0	0	0	0	0	1	0	0	0	0	0	0
h5---w0.5	7	22	20	13	5	2	0	0	0	0	0	0	0
h5---w1	3	8	14	5	5	1	0	0	0	0	0	0	1
h5---w10	1	1	0	0	0	0	0	0	0	0	0	0	0
h5---w11	0	1	2	0	0	0	0	0	0	0	0	0	0
h5---w2	0	1	1	0	1	0	0	0	0	0	0	0	0
h5---w3	0	1	0	0	0	0	0	0	0	0	0	1	0
h5---w4	5	10	7	2	0	2	1	0	1	1	0	0	0
h5---w5	3	2	9	0	3	1	0	0	0	0	0	0	0
h5---w6	3	11	8	2	2	0	1	0	0	0	1	0	0
h5---w7	0	0	1	1	0	0	0	0	0	0	0	0	0
h5---w8	1	1	1	0	0	0	0	0	0	0	0	0	0
h5---w9	0	1	0	0	0	0	0	0	0	0	0	0	0
h6---e2	0	1	0	0	0	0	0	0	0	0	0	0	0
h6---e3	1	4	3	2	0	0	0	0	0	0	0	0	0
h6---e7	0	3	0	0	0	0	0	0	0	0	0	0	0
h6---h0.5	5	0	0	0	0	0	0	0	0	0	0	0	0
h6---h1	2	0	0	0	0	0	0	0	0	0	0	0	0
h6---h11	7	0	0	0	0	0	0	0	0	0	0	0	0
h6---h2	7	0	0	0	0	0	0	0	0	0	0	0	0
h6---h3	16	0	0	0	0	0	0	0	0	0	0	0	0
h6---h4	28	0	0	0	0	0	0	0	0	0	0	0	0
h6---h5	17	0	0	0	0	0	0	0	0	0	0	0	0
h6---h6	171	0	0	0	0	0	0	0	0	0	0	0	0
h6---h7	6	0	0	0	0	0	0	0	0	0	0	0	0
h6---h8	2	0	0	0	0	0	0	0	0	0	0	0	0
h6---h9	3	0	0	0	0	0	0	0	0	0	0	0	0
h6---l0.5	4	14	13	2	2	0	0	0	0	0	0	0	0
h6---l1	40	103	50	10	1	3	0	0	0	0	0	0	0
h6---l10	0	1	0	0	0	0	0	0	0	0	0	0	0
h6---l12	1	0	0	0	0	0	0	0	0	0	0	0	0
h6---l13	0	0	1	0	0	0	0	0	0	0	0	0	0
h6---l2	16	44	30	4	3	2	0	0	0	0	1	0	0
h6---l3	9	54	18	5	1	0	0	0	0	0	0	0	0
h6---l4	3	18	7	3	2	1	0	0	0	0	0	0	0
h6---l5	5	6	4	0	1	0	0	0	0	0	0	0	0
h6---l6	2	1	0	0	0	0	0	0	0	0	0	0	0
h6---l7	1	2	2	0	0	0	0	0	0	0	0	0	0
h6---l8	0	1	0	0	0	0	0	0	0	0	0	0	0
h6---s0.5	23	75	35	10	2	1	0	0	0	0	0	0	0
h6---s1	10	47	15	3	0	0	1	0	0	0	0	0	0
h6---s2	5	7	7	4	0	1	0	0	0	0	0	0	0
h6---s3	3	0	0	0	0	0	0	0	0	0	0	0	0
h6---s4	4	2	2	2	1	0	0	0	0	0	0	0	0
h6---w0.5	7	14	15	5	3	2	0	0	0	0	0	0	1
h6---w1	1	3	1	2	3	1	0	0	0	0	0	0	0
h6---w10	0	4	1	1	1	0	0	0	0	0	0	0	0
h6---w11	4	3	5	0	1	1	0	0	0	0	0	0	0
h6---w2	0	1	2	3	0	1	0	0	0	0	0	0	0
h6---w3	1	2	7	2	2	1	0	0	1	0	0	0	0
h6---w4	7	19	25	9	7	1	1	2	1	0	1	0	0
h6---w5	3	7	6	2	0	1	0	0	0	0	0	0	0
h6---w6	3	3	4	1	2	1	1	0	0	0	0	0	0
h6---w7	4	5	12	4	2	0	0	0	0	0	0	0	0
h6---w8	4	2	3	1	0	0	1	0	0	0	0	0	0
h6---w9	1	2	3	0	1	0	0	0	0	0	0	0	0
h7---e2	0	0	1	0	0	0	0	0	0	0	0	0	0
h7---e4	0	1	1	0	0	0	0	0	0	0	0	0	0
h7---e6	0	1	0	0	0	0	0	0	0	0	0	0	0
h7---e7	0	4	3	0	0	0	0	0	0	0	0	0	0
h7---h0.5	12	0	0	0	0	0	0	0	0	0	0	0	0
h7---h1	15	0	0	0	0	0	0	0	0	0	0	0	0
h7---h11	14	0	0	0	0	0	0	0	0	0	0	0	0
h7---h2	15	0	0	0	0	0	0	0	0	0	0	0	0
h7---h3	40	0	0	0	0	0	0	0	0	0	0	0	0
h7---h4	50	0	0	0	0	0	0	0	0	0	0	0	0
h7---h5	52	0	0	0	0	0	0	0	0	0	0	0	0
h7---h6	12	0	0	0	0	0	0	0	0	0	0	0	0
h7---h7	351	0	0	0	0	0	0	0	0	0	0	0	0
h7---h8	6	0	0	0	0	0	0	0	0	0	0	0	0
h7---h9	2	0	0	0	0	0	0	0	0	0	0	0	0
h7---l0.5	22	52	15	7	3	0	0	0	0	0	1	0	0
h7---l1	103	247	137	35	16	6	0	0	0	0	1	0	0
h7---l10	1	1	1	0	0	0	0	0	0	0	0	0	0
h7---l11	1	0	0	0	0	0	0	0	0	0	0	0	0
h7---l12	2	3	1	0	0	0	0	0	0	0	0	0	0
h7---l13	0	1	0	1	0	0	0	0	0	0	0	0	0
h7---l2	46	102	41	14	4	0	0	0	0	0	1	0	0
h7---l3	34	91	39	5	8	3	0	0	0	0	2	1	0
h7---l4	14	44	25	5	3	0	0	0	0	0	0	0	2
h7---l5	6	17	8	6	1	0	0	0	0	1	0	0	0
h7---l6	2	9	6	1	1	0	0	0	0	0	0	0	0
h7---l7	3	3	1	0	1	0	0	0	0	0	0	0	0
h7---l8	3	3	3	0	0	0	0	0	0	0	0	0	0
h7---s0.5	75	201	70	18	5	3	0	0	0	0	0	0	0
h7---s1	38	93	49	12	0	4	0	0	0	0	0	0	0
h7---s2	11	31	6	3	2	0	0	0	0	0	0	0	0
h7---s3	2	9	3	1	0	0	0	0	0	0	0	0	0
h7---s4	4	12	4	3	0	0	0	0	0	0	0	0	0
h7---s7	0	1	0	0	0	0	0	0	0	0	0	0	0
h7---w0.5	20	42	40	23	11	8	1	3	0	0	0	0	0
h7---w1	8	17	8	9	4	2	3	0	0	0	0	0	0
h7---w10	1	11	12	5	3	3	0	0	0	0	0	0	0
h7---w11	4	9	6	4	1	0	1	0	0	0	0	1	0
h7---w2	4	11	10	5	4	3	0	0	0	0	0	0	0
h7---w3	7	14	10	5	7	1	2	0	0	1	0	0	0
h7---w4	18	20	28	7	6	6	2	0	0	0	0	0	0
h7---w5	2	21	11	7	4	2	1	0	0	0	0	0	0
h7---w6	1	11	10	6	1	0	0	0	1	0	0	0	0
h7---w7	8	15	9	7	3	4	1	1	0	0	0	0	0
h7---w8	4	12	7	5	3	1	0	0	0	0	0	0	0
h7---w9	3	11	5	3	2	1	0	0	0	1	0	0	0
h8---e2	1	1	1	0	0	0	0	0	0	0	0	0	0
h8---e4	1	1	0	0	0	0	0	0	0	0	0	0	0
h8---e7	0	4	3	0	0	0	0	0	0	0	0	0	0
h8---h0.5	8	0	0	0	0	0	0	0	0	0	0	0	0
h8---h1	7	0	0	0	0	0	0	0	0	0	0	0	0
h8---h11	18	0	0	0	0	0	0	0	0	0	0	0	0
h8---h2	15	0	0	0	0	0	0	0	0	0	0	0	0
h8---h3	43	0	0	0	0	0	0	0	0	0	0	0	0
h8---h4	41	0	0	0	0	0	0	0	0	0	0	0	0
h8---h5	43	0	0	0	0	0	0	0	0	0	0	0	0
h8---h6	12	0	0	0	0	0	0	0	0	0	0	0	0
h8---h7	14	0	0	0	0	0	0	0	0	0	0	0	0
h8---h8	374	0	0	0	0	0	0	0	0	0	0	0	0
h8---h9	3	0	0	0	0	0	0	0	0	0	0	0	0
h8---l0.5	22	39	27	2	3	0	0	0	0	0	1	0	0
h8---l1	88	255	123	38	15	4	1	0	0	0	5	0	0
h8---l11	0	0	1	0	0	0	0	0	0	0	0	0	0
h8---l12	1	2	2	2	0	0	0	0	0	0	0	0	0
h8---l2	41	107	53	11	6	2	1	0	0	0	0	0	1
h8---l3	34	101	50	12	7	2	0	0	0	0	1	0	0
h8---l4	17	40	21	1	2	2	0	0	0	0	0	0	0
h8---l5	6	9	8	3	2	0	1	0	0	0	1	0	0
h8---l6	2	12	2	1	0	0	0	0	0	0	0	0	0
h8---l7	2	2	3	0	0	0	0	0	0	0	0	0	0
h8---l8	1	4	2	0	0	0	0	0	0	0	0	0	0
h8---s0.5	70	209	100	18	9	4	0	0	0	0	0	0	0
h8---s1	56	89	49	9	1	1	0	0	0	0	0	0	0
h8---s2	17	18	17	0	1	0	0	0	0	0	0	0	0
h8---s3	2	8	3	1	0	1	0	0	0	0	0	0	0
h8---s4	2	9	3	0	0	0	0	0	0	0	0	0	0
h8---s7	1	1	0	0	0	0	0	0	0	0	0	0	0
h8---w0.5	24	43	37	31	11	5	3	3	0	0	0	0	0
h8---w1	4	6	4	2	0	1	0	0	0	0	0	0	0
h8---w10	4	6	5	6	2	2	1	0	0	0	0	0	0
h8---w11	3	5	7	2	1	1	0	0	0	0	0	0	0
h8---w2	7	15	16	4	2	3	1	1	0	0	0	0	0
h8---w3	3	14	8	5	2	2	0	0	0	0	0	0	0
h8---w4	9	21	25	14	9	8	2	1	0	0	0	0	1
h8---w5	5	15	13	7	4	4	0	0	0	0	0	0	0
h8---w6	1	6	8	6	6	1	1	1	0	0	1	0	0
h8---w7	8	9	10	4	2	3	0	0	1	0	0	0	0
h8---w8	6	8	6	3	1	0	0	1	0	1	0	0	0
h8---w9	3	5	4	5	1	1	0	0	0	0	0	0	0
h9---e2	0	1	0	0	0	0	0	0	0	0	0	0	0
h9---e4	0	0	1	0	0	0	0	0	0	0	0	0	0
h9---e6	0	1	0	0	0	0	0	0	0	0	0	0	0
h9---h0.5	5	0	0	0	0	0	0	0	0	0	0	0	0
h9---h1	1	0	0	0	0	0	0	0	0	0	0	0	0
h9---h11	13	0	0	0	0	0	0	0	0	0	0	0	0
h9---h2	7	0	0	0	0	0	0	0	0	0	0	0	0
h9---h3	12	0	0	0	0	0	0	0	0	0	0	0	0
h9---h4	27	0	0	0	0	0	0	0	0	0	0	0	0
h9---h5	25	0	0	0	0	0	0	0	0	0	0	0	0
h9---h6	10	0	0	0	0	0	0	0	0	0	0	0	0
h9---h7	4	0	0	0	0	0	0	0	0	0	0	0	0
h9---h8	3	0	0	0	0	0	0	0	0	0	0	0	0
h9---h9	136	0	0	0	0	0	0	0	0	0	0	0	0
h9---l0.5	6	19	5	4	1	0	1	0	0	0	0	0	0
h9---l1	47	89	52	12	8	1	1	0	0	0	1	0	0
h9---l12	0	4	1	0	0	0	0	0	0	0	0	0	0
h9---l2	21	33	15	2	2	1	0	0	0	0	0	0	0
h9---l3	12	30	11	6	0	1	0	0	0	0	0	0	0
h9---l4	7	17	4	2	3	0	0	0	0	0	0	0	0
h9---l5	3	5	0	0	0	0	0	0	0	0	0	0	0
h9---l6	2	4	2	0	0	0	0	0	0	0	0	0	0
h9---l7	0	0	1	0	0	0	0	0	0	0	0	0	0
h9---l8	0	1	0	0	0	0	0	0	0	0	0	0	0
h9---s0.5	32	88	42	13	0	1	0	1	0	0	0	0	0
h9---s1	11	24	11	6	3	0	0	0	0	0	0	0	0
h9---s2	4	15	5	3	1	0	0	0	0	0	0	0	0
h9---s3	2	1	1	0	0	0	0	0	0	0	0	0	0
h9---s4	0	1	2	0	0	0	0	0	0	0	0	0	0
h9---s7	0	1	0	0	0	0	0	0	0	0	0	0	0
h9---w0.5	11	17	7	5	2	4	0	0	0	0	0	0	0
h9---w1	0	1	1	0	0	0	0	1	0	0	0	0	0
h9---w10	1	2	4	3	2	1	0	0	0	0	0	0	0
h9---w11	1	4	2	1	0	1	0	0	0	0	0	0	0
h9---w2	4	5	1	3	0	0	0	0	0	0	0	0	0
h9---w3	1	4	6	4	1	0	0	0	0	0	0	0	0
h9---w4	5	9	10	3	1	2	2	1	0	0	0	0	0
h9---w5	1	6	6	2	0	1	0	0	1	0	0	0	0
h9---w6	2	2	1	3	1	0	0	0	0	0	0	0	0
h9---w7	1	7	3	1	2	1	0	0	0	0	0	0	0
h9---w8	3	3	5	0	0	1	0	1	0	0	0	0	0
h9---w9	0	2	2	3	0	0	0	0	0	0	0	0	0
l0.5---e2	0	2	0	0	0	0	0	0	0	0	0	0	0
l0.5---h10	0	1	1	0	0	0	0	0	0	0	0	0	0
l0.5---h11	0	0	1	0	0	0	0	0	0	0	0	0	0
l0.5---h5	0	1	0	2	0	0	0	0	0	0	0	0	0
l0.5---h6	3	11	9	8	2	3	0	0	0	0	0	0	0
l0.5---h7	7	27	24	21	7	5	2	0	0	0	0	0	0
l0.5---h8	19	25	19	23	10	4	1	2	1	0	0	0	0
l0.5---h9	9	11	7	5	1	3	0	0	0	0	0	0	0
l0.5---s0.5	34	39	27	2	1	0	0	0	0	0	0	0	0
l0.5---s1	2	0	2	2	0	0	0	0	0	0	0	0	0
l0.5---s4	10	3	6	0	0	0	1	0	0	0	0	0	0
l0.5---s8	5	8	5	1	0	0	0	0	0	0	0	0	0
l0.5---w0.5	10	25	13	10	2	2	2	0	0	0	0	0	0
l0.5---w11	3	5	3	2	2	0	1	1	0	0	0	0	1
l0.5---w2	3	4	8	4	1	1	2	0	0	0	0	0	0
l0.5---w3	9	22	17	5	1	4	1	1	1	1	0	0	0
l0.5---w4	12	10	13	15	5	9	1	0	1	0	0	0	0
l0.5---w5	3	9	5	2	2	0	1	0	0	0	0	0	0
l1---e1	0	1	0	1	1	0	0	0	0	0	0	0	0
l1---e2	0	2	0	0	0	0	0	0	0	0	0	0	0
l1---h10	0	4	1	3	0	0	0	0	1	0	0	0	0
l1---h11	0	0	0	1	0	0	0	0	0	0	0	0	0
l1---h5	1	5	3	5	0	1	0	1	1	0	0	0	0
l1---h6	15	19	21	13	6	1	1	1	0	1	0	0	0
l1---h7	31	66	55	39	23	9	5	1	0	1	0	0	0
l1---h8	28	56	62	36	19	13	6	1	1	1	1	0	0
l1---h9	9	26	22	17	10	1	0	0	0	0	0	0	0
l1---s0.5	50	88	30	11	3	1	1	0	0	0	0	0	0
l1---s1	11	14	8	0	3	0	0	1	0	0	0	0	0
l1---s2	0	1	0	0	0	0	0	0	0	0	0	0	0
l1---s3	4	11	3	0	1	0	0	0	0	0	0	0	0
l1---w0.5	8	8	12	6	4	3	0	0	0	0	0	0	0
l1---w1	23	37	31	17	11	7	3	1	0	0	0	0	0
l1---w13	3	4	5	0	2	0	1	0	0	0	0	0	0
l1---w2	5	17	16	7	2	0	0	1	0	0	0	0	0
l1---w3	41	73	32	21	7	7	4	1	0	0	0	0	0
l1---w4	78	130	111	79	43	28	13	6	1	0	1	1	1
l1---w5	74	91	78	58	42	14	10	4	1	1	1	0	0
l1---w6	40	69	43	22	12	7	3	2	1	0	0	0	0
l1---w7	8	16	8	0	0	0	0	0	0	0	0	0	0
l1---w8	9	16	5	0	0	0	0	0	0	0	0	0	0
l1---w9	4	8	4	5	0	2	0	0	0	0	0	0	0
l10---h10	0	1	0	0	0	0	0	0	0	0	0	0	0
l10---h6	1	0	1	0	0	0	0	0	0	0	0	0	0
l10---h7	1	2	1	0	0	0	0	0	0	0	0	0	0
l11---h7	1	0	0	0	0	0	0	0	0	0	0	0	0
l11---h8	0	0	1	0	0	0	0	0	0	0	0	0	0
l12---h10	0	0	1	0	0	0	0	0	0	0	0	0	0
l12---h6	0	0	1	0	0	0	0	0	0	0	0	0	0
l12---h7	1	2	3	0	0	0	1	0	0	0	0	0	0
l12---h8	1	5	1	2	0	0	0	0	0	0	0	0	0
l12---h9	0	1	3	0	0	0	1	0	0	0	0	0	0
l12---s0.5	0	1	2	0	0	0	0	0	0	0	0	0	0
l12---w0.5	2	10	3	2	3	0	0	0	0	0	0	0	0
l13---h6	0	0	0	1	0	0	0	0	0	0	0	0	0
l13---h7	0	1	1	0	0	0	0	0	0	0	0	0	0
l2---h0.5	0	5	5	3	2	0	0	1	1	0	0	0	0
l2---h10	4	6	5	8	4	0	1	0	0	0	0	0	0
l2---h4	0	1	0	0	0	0	0	0	0	0	0	0	0
l2---h5	1	8	7	2	2	1	0	0	0	1	0	1	0
l2---h6	16	48	34	19	9	3	0	2	1	0	1	0	0
l2---h7	29	83	70	47	26	12	10	1	3	0	0	0	0
l2---h8	30	76	62	44	21	12	9	3	2	1	0	0	0
l2---h9	11	28	24	13	13	7	2	2	1	0	0	0	0
l2---s0.5	6	14	1	1	0	0	0	0	0	0	0	0	0
l2---s1	9	13	11	1	2	1	0	0	0	0	0	0	0
l2---s4	0	1	0	0	0	0	0	0	0	0	0	0	0
l2---w0.5	19	38	25	3	5	2	2	0	0	0	0	0	0
l2---w1	22	57	32	22	8	6	1	0	1	1	0	0	0
l2---w2	7	15	7	3	7	1	1	0	0	0	0	0	0
l2---w4	34	52	23	14	7	4	1	0	0	2	1	0	0
l2---w5	23	70	41	27	16	12	5	1	1	0	0	0	0
l2---w6	10	18	8	6	4	3	1	0	1	0	0	0	0
l2---w7	2	5	4	1	0	1	0	0	0	0	0	0	0
l2---w8	5	9	5	3	1	1	0	1	0	1	0	0	0
l3---e3	0	3	0	1	0	0	0	0	0	0	0	0	0
l3---h10	5	4	5	3	0	0	0	0	0	0	0	0	0
l3---h11	0	2	1	0	0	0	0	0	0	0	0	0	0
l3---h2	1	1	0	0	0	0	0	0	0	0	0	0	0
l3---h4	0	0	0	0	0	0	0	0	1	0	0	0	0
l3---h5	0	6	4	4	1	0	0	0	0	0	0	0	0
l3---h6	9	32	24	10	5	1	1	1	0	0	0	0	0
l3---h7	28	59	47	23	25	8	0	1	2	0	0	0	0
l3---h8	22	72	53	29	15	4	2	2	2	0	0	0	0
l3---h9	12	22	8	12	7	3	1	0	0	0	0	0	0
l3---s0.5	5	11	6	0	1	0	0	0	0	0	0	0	0
l3---s1	6	15	4	1	0	0	0	0	0	0	0	0	0
l3---w0.5	30	47	37	21	24	11	2	2	0	1	1	0	0
l3---w1	16	28	26	14	5	6	7	3	1	0	0	0	0
l3---w2	10	13	20	6	4	3	0	2	0	0	0	0	0
l3---w4	19	23	9	9	1	3	1	2	0	0	0	0	0
l3---w5	9	21	9	8	8	4	2	0	1	1	1	0	0
l3---w6	0	5	6	2	3	1	1	0	0	0	0	0	0
l3---w7	3	10	3	5	2	2	1	1	0	0	0	0	0
l4---h10	0	5	2	1	1	1	1	0	0	0	0	0	0
l4---h2	4	13	8	1	0	0	0	0	0	0	0	0	0
l4---h4	0	0	1	0	0	0	0	0	0	0	0	0	0
l4---h5	1	2	2	0	0	0	0	0	0	0	0	0	0
l4---h6	6	16	19	8	1	3	1	0	1	1	0	0	0
l4---h7	9	45	35	22	10	7	1	0	1	0	0	0	0
l4---h8	15	33	25	26	14	7	6	3	1	0	1	0	0
l4---h9	6	14	8	8	5	0	0	1	0	0	0	0	0
l4---s1	6	17	6	0	1	1	0	1	0	0	0	0	0
l4---w0.5	79	123	61	20	17	14	3	3	1	0	0	0	1
l4---w10	4	5	2	7	1	0	0	0	1	0	0	0	0
l4---w2	4	4	3	5	1	0	1	0	0	0	0	0	0
l4---w3	5	4	5	2	4	3	1	1	0	0	0	0	0
l4---w4	2	11	5	2	1	1	0	0	0	0	0	1	0
l4---w5	9	6	5	1	0	0	0	0	0	0	0	0	0
l4---w8	1	6	4	3	5	1	0	0	0	0	0	0	0
l5---h10	0	2	1	1	1	0	1	0	0	0	0	0	0
l5---h5	1	4	1	0	1	0	0	0	0	0	0	0	0
l5---h6	3	5	10	7	5	1	2	0	1	0	0	0	0
l5---h7	8	18	20	14	14	5	1	1	0	0	0	0	0
l5---h8	7	16	24	12	7	3	1	3	0	0	0	0	0
l5---h9	2	6	9	2	0	0	0	1	0	0	0	0	0
l5---s0.5	10	23	11	2	3	0	0	0	0	0	0	0	0
l5---w2	2	5	7	2	4	0	0	0	0	0	0	0	0
l5---w3	3	5	4	2	0	2	2	0	0	0	0	0	0
l5---w5	1	8	5	2	2	0	0	0	0	0	0	0	0
l6---h6	0	2	4	2	2	0	0	0	0	0	0	0	0
l6---h7	5	4	12	7	6	1	0	0	0	0	0	0	0
l6---h8	4	10	7	7	3	1	0	1	0	0	0	0	0
l6---h9	2	7	3	2	0	0	1	0	0	0	0	0	0
l6---w0.5	6	16	6	1	5	0	0	0	0	0	0	0	0
l6---w10	1	5	7	2	2	2	0	0	0	0	0	0	0
l7---h10	0	1	0	0	0	0	0	0	0	0	0	0	0
l7---h5	0	1	0	0	0	0	0	0	0	0	0	0	0
l7---h6	0	5	1	0	0	0	0	0	0	0	0	0	0
l7---h7	0	3	8	3	3	1	0	0	0	0	0	0	0
l7---h8	4	2	3	6	0	1	0	1	0	0	0	0	0
l7---h9	0	2	0	0	0	0	0	0	0	0	0	0	0
l7---w0.5	2	5	8	1	2	0	1	1	0	0	0	0	0
l8---h6	0	1	1	0	0	1	0	0	0	0	0	0	0
l8---h7	0	2	0	2	2	0	0	1	0	0	0	0	0
l8---h8	0	1	3	2	3	0	0	1	0	0	0	0	0
l8---h9	1	0	0	1	0	0	0	0	0	0	0	0	0
l8---w5	1	7	7	3	1	0	0	0	0	0	0	0	0
s0.5---e1	1	3	2	1	0	0	0	0	0	0	0	0	0
s0.5---h1	9	30	15	9	2	4	1	0	0	1	0	0	0
s0.5---h10	4	6	5	4	1	0	0	0	0	0	0	0	0
s0.5---h3	6	14	4	3	0	1	0	0	0	0	0	0	0
s0.5---h4	5	8	4	1	0	1	0	0	0	0	0	0	0
s0.5---h5	12	20	15	3	3	1	0	1	1	0	0	0	0
s0.5---h6	17	20	21	17	7	4	2	0	1	0	0	0	0
s0.5---h7	25	71	54	22	11	11	5	0	2	1	0	0	0
s0.5---h8	35	74	46	31	12	8	4	3	2	0	2	1	0
s0.5---h9	14	27	18	8	7	3	1	1	1	0	0	0	0
s0.5---l0.5	19	39	19	5	1	0	0	0	0	0	0	0	0
s0.5---l1	9	16	11	4	0	0	0	0	0	0	0	0	0
s0.5---l10	2	0	0	0	0	0	0	0	0	0	0	0	0
s0.5---l12	1	2	3	0	0	0	0	0	0	0	0	0	0
s0.5---l2	3	11	10	1	0	1	0	0	0	0	0	0	0
s0.5---l3	14	22	8	2	1	0	0	0	0	0	0	0	0
s0.5---l4	15	18	10	1	0	0	0	0	0	0	0	0	0
s0.5---l5	9	5	5	1	0	0	0	0	0	0	0	0	0
s0.5---l7	0	1	2	0	0	0	0	0	0	0	0	0	0
s0.5---w0.5	66	90	68	36	16	8	2	1	1	0	0	0	0
s0.5---w1	7	15	14	16	8	7	2	1	2	0	0	0	0
s0.5---w11	4	5	5	3	4	0	0	0	0	0	0	0	0
s0.5---w2	20	37	32	16	12	6	2	1	1	0	0	0	0
s0.5---w3	54	63	55	32	32	7	6	4	0	0	1	0	0
s0.5---w4	24	55	42	15	5	1	1	1	0	0	0	0	0
s0.5---w5	43	56	54	30	19	9	1	0	0	0	3	0	0
s0.5---w6	17	19	17	12	5	3	4	3	0	0	0	0	0
s0.5---w7	12	26	22	23	4	6	1	3	1	0	0	0	0
s0.5---w8	2	12	3	1	4	2	0	0	1	1	0	0	0
s1---e1	9	7	8	1	0	0	0	0	0	0	0	0	0
s1---e4	11	30	9	0	0	0	0	0	0	0	0	0	0
s1---h10	0	1	0	0	0	0	0	0	0	0	0	0	0
s1---h2	8	32	20	6	0	0	1	0	0	0	0	0	0
s1---h3	5	10	8	8	0	0	1	0	0	0	0	0	0
s1---h5	8	7	7	4	0	0	0	0	0	0	0	0	0
s1---h6	1	8	4	2	1	0	0	0	0	0	0	0	0
s1---h7	12	14	12	3	3	0	0	0	0	0	0	0	0
s1---h8	7	20	9	0	1	0	0	0	0	0	0	0	0
s1---h9	4	8	4	1	1	0	1	0	0	0	0	0	0
s1---l0.5	1	3	3	0	0	0	0	0	0	0	0	0	0
s1---l2	1	1	2	0	0	0	0	0	0	0	0	0	0
s1---l3	11	13	6	0	0	0	0	0	0	0	0	0	0
s1---l4	6	11	9	1	1	0	0	0	0	0	0	0	0
s1---w0.5	17	37	23	12	7	7	2	1	0	1	0	0	0
s1---w1	29	51	32	10	11	2	0	1	0	1	0	0	0
s1---w2	7	10	7	4	1	2	2	2	0	0	0	0	0
s1---w3	15	21	18	18	10	4	5	2	0	0	0	0	0
s1---w4	19	27	17	11	4	2	2	1	0	3	0	0	0
s1---w5	4	5	3	5	1	2	0	0	0	0	0	0	0
s1---w6	8	10	15	9	3	1	0	1	2	0	1	0	0
s1---w7	8	21	10	6	2	0	0	0	0	0	0	0	0
s2---e1	16	22	9	1	0	1	0	0	0	0	0	0	0
s2---h6	1	3	2	0	0	0	0	0	0	0	0	0	0
s2---h7	3	3	1	0	0	0	0	0	0	0	0	0	0
s2---h8	1	5	0	0	0	0	0	0	0	0	0	0	0
s2---h9	1	1	1	0	0	0	0	0	0	0	0	0	0
s2---l0.5	3	5	0	0	0	0	0	0	0	0	0	0	0
s2---l1	6	7	1	0	0	0	0	0	0	0	0	0	0
s2---w0.5	3	3	5	4	0	0	1	2	0	0	0	0	0
s2---w2	6	6	10	5	7	1	1	2	1	0	0	0	0
s2---w3	3	2	5	2	4	3	0	0	0	0	0	0	0
s2---w4	8	17	12	7	9	4	2	4	1	0	0	0	0
s3---h5	0	0	0	1	0	0	0	0	0	0	0	0	0
s3---h6	2	0	1	0	0	0	0	0	0	0	0	0	0
s3---h7	0	1	5	2	2	1	0	1	0	0	0	0	0
s3---h8	3	5	1	1	0	2	0	0	0	0	0	0	0
s3---h9	1	2	1	0	0	0	0	0	0	0	0	0	0
s3---l0.5	0	1	1	0	0	0	0	0	0	0	0	0	0
s3---l1	4	11	6	0	1	1	0	0	0	0	0	0	0
s3---l2	4	12	3	2	1	0	0	0	0	0	0	0	0
s3---w0.5	2	5	4	5	0	2	1	0	0	0	0	0	0
s4---h10	0	0	1	0	0	0	0	0	0	0	0	0	0
s4---h6	1	1	1	0	0	0	0	0	0	0	0	0	0
s4---h7	0	7	7	0	0	0	0	0	0	0	0	0	0
s4---h8	1	5	2	2	1	0	0	0	0	0	0	0	0
s4---h9	0	1	0	1	0	0	0	0	0	0	0	0	0
s4---l2	0	0	1	0	0	0	0	0	0	0	0	0	0
s4---l6	4	10	9	1	1	0	0	1	0	0	0	0	0
s4---w2	1	5	4	0	1	2	0	0	0	0	0	0	0
s4---w3	2	5	13	2	4	4	1	0	0	0	0	0	0
s5---l3	1	2	0	0	0	0	0	0	0	0	0	0	0
s7---h7	0	1	0	0	0	0	0	0	0	0	0	0	0
s7---h8	1	1	0	0	0	0	0	0	0	0	0	0	0
s7---h9	0	1	0	0	0	0	0	0	0	0	0	0	0
s8---w5	3	5	4	5	2	0	0	0	0	0	0	0	0
w0.5---e2	5	10	4	3	1	0	0	0	0	0	0	0	0
w0.5---h10	0	6	6	4	3	0	1	0	0	0	0	0	0
w0.5---h2	0	13	5	3	4	1	0	0	0	0	0	0	0
w0.5---h4	0	0	0	0	1	0	0	0	0	0	0	0	0
w0.5---h5	2	2	8	2	1	1	1	0	0	0	0	0	0
w0.5---h6	6	34	24	16	6	5	0	0	1	0	0	0	0
w0.5---h7	32	57	76	37	18	13	5	4	1	0	2	0	1
w0.5---h8	36	67	54	45	14	8	6	3	1	0	0	0	0
w0.5---h9	9	17	22	9	3	11	1	1	0	0	0	0	0
w0.5---l0.5	19	45	14	7	2	1	0	0	0	0	0	0	0
w0.5---l1	25	35	19	1	3	2	0	0	0	0	0	0	0
w0.5---l12	5	13	2	0	0	0	0	0	0	0	0	0	0
w0.5---l2	25	73	25	2	1	4	0	0	0	0	0	0	0
w0.5---l3	14	23	14	3	2	1	0	0	0	0	0	0	0
w0.5---l4	104	128	52	11	6	0	0	0	0	0	0	0	1
w0.5---l5	29	43	19	4	1	0	0	0	0	0	0	0	0
w0.5---l6	5	19	9	0	1	0	0	0	0	0	0	0	0
w0.5---l7	9	15	11	4	1	0	0	0	0	0	0	0	0
w0.5---s0.5	36	69	35	7	2	1	0	0	0	0	0	0	0
w0.5---s1	15	24	10	3	2	1	0	0	0	0	0	0	0
w0.5---s3	6	7	4	0	0	2	0	0	0	0	0	0	0
w1---h10	1	1	0	2	0	0	0	0	0	0	0	0	0
w1---h4	0	1	0	0	0	0	0	0	0	0	0	0	0
w1---h5	1	5	5	2	3	1	0	0	0	0	0	0	1
w1---h6	6	6	7	6	3	3	0	0	0	0	0	0	0
w1---h7	13	13	14	8	7	3	1	1	1	0	0	0	0
w1---h8	9	26	19	4	5	4	2	2	1	0	0	0	0
w1---h9	4	9	7	4	1	1	0	0	0	0	0	0	0
w1---l0.5	8	12	4	3	1	0	0	0	0	0	0	0	0
w1---l1	15	21	8	0	0	0	0	0	0	0	0	0	0
w1---l2	33	94	37	10	7	0	1	0	0	0	0	0	0
w1---l3	18	40	16	6	3	0	0	0	0	0	1	0	0
w1---l4	12	19	10	0	0	0	0	1	0	0	0	0	0
w1---s0.5	3	13	5	2	0	0	0	0	0	0	0	0	0
w1---s1	26	46	20	5	2	0	0	0	0	0	0	0	0
w10---h5	1	0	0	0	0	0	0	0	0	0	0	0	0
w10---h6	2	0	1	0	0	1	0	0	0	0	0	0	0
w10---h7	1	6	10	2	1	2	0	0	0	0	0	0	0
w10---h8	0	5	0	5	0	2	1	0	0	0	0	0	0
w10---h9	0	1	1	2	1	0	0	0	0	0	0	0	0
w10---l0.5	6	14	5	1	0	0	0	0	0	0	0	0	0
w10---l3	5	5	2	0	0	0	0	0	0	0	0	0	0
w10---l4	6	10	3	1	0	0	0	0	0	0	0	0	0
w10---l6	5	8	6	0	0	0	0	0	0	0	0	0	0
w11---h5	0	0	1	0	0	0	0	0	0	0	0	0	0
w11---h6	1	5	5	0	1	1	0	0	0	0	0	0	0
w11---h7	4	6	4	4	1	1	1	1	0	0	1	0	0
w11---h8	5	9	5	3	2	0	0	0	0	0	0	1	0
w11---h9	0	1	4	3	0	1	0	1	0	0	0	0	0
w11---l2	10	17	9	2	1	0	0	0	0	0	0	0	0
w13---h6	1	0	0	0	0	0	0	0	0	0	0	0	0
w13---h7	0	2	2	1	0	1	1	0	0	0	0	0	0
w13---h8	1	2	2	1	0	0	0	0	0	0	0	0	0
w13---h9	0	0	1	0	0	0	0	0	0	0	0	0	0
w2---h10	2	2	1	0	0	0	0	0	0	0	0	0	0
w2---h5	0	0	1	0	0	1	0	0	0	0	0	0	0
w2---h6	3	4	6	4	3	1	1	0	0	0	0	0	0
w2---h7	8	19	15	12	8	6	1	1	0	0	0	0	0
w2---h8	9	16	22	15	5	2	0	1	0	0	0	0	0
w2---h9	3	7	3	3	2	2	1	1	3	0	0	0	0
w2---l1	21	33	20	4	0	0	0	0	0	0	0	0	0
w2---l2	10	15	7	0	1	1	0	0	0	0	1	0	0
w2---l3	30	48	12	3	1	0	0	0	0	0	0	0	0
w2---l5	11	13	8	2	0	1	0	0	0	0	0	0	0
w2---l6	7	6	3	1	0	0	0	0	0	0	0	0	0
w2---l8	7	10	1	3	1	0	0	0	0	0	0	0	0
w2---s0.5	20	40	18	2	1	0	0	0	0	0	0	0	0
w3---h10	0	1	2	1	0	0	0	0	0	0	0	0	0
w3---h11	1	0	0	0	0	0	0	0	0	0	0	0	0
w3---h3	2	7	9	4	2	0	0	0	0	0	0	0	0
w3---h4	4	6	3	1	2	2	0	0	0	0	0	0	0
w3---h5	1	2	2	0	1	0	0	0	0	0	0	0	0
w3---h6	6	12	8	6	5	2	1	1	0	0	0	0	0
w3---h7	16	33	26	19	15	10	4	2	0	2	0	0	0
w3---h8	17	39	37	12	10	10	1	2	0	0	1	0	0
w3---h9	5	24	14	11	8	1	0	2	0	0	0	0	0
w3---l0.5	4	13	2	0	0	0	0	0	0	0	0	0	0
w3---l1	65	133	33	11	2	0	0	0	0	0	0	0	0
w3---l2	20	39	19	1	2	0	0	1	0	0	0	0	0
w3---l4	5	12	8	0	0	0	0	0	0	0	0	0	0
w3---l5	9	13	5	0	0	1	0	0	0	0	0	0	0
w3---s0.5	24	36	22	1	2	1	0	0	0	0	0	0	0
w4---e3	7	10	6	2	0	1	0	0	0	0	0	0	0
w4---h10	1	7	7	4	0	0	0	0	0	0	0	0	0
w4---h11	0	2	0	0	0	0	0	0	0	0	0	0	0
w4---h5	7	14	9	3	2	1	1	1	1	0	0	0	0
w4---h6	9	34	34	15	10	4	1	3	1	0	2	0	0
w4---h7	47	84	69	54	24	15	4	3	0	3	0	0	0
w4---h8	36	86	80	46	27	17	11	6	1	1	0	1	0
w4---h9	16	40	24	14	9	3	3	1	1	0	0	0	0
w4---l0.5	12	19	10	0	1	0	0	0	0	0	0	0	0
w4---l1	20	38	21	4	3	0	0	0	0	0	0	0	0
w4---l2	15	32	12	4	0	0	0	0	0	0	0	0	0
w4---l3	21	27	15	2	2	0	0	0	0	0	0	0	0
w4---s0.5	55	109	59	11	2	2	0	0	0	0	0	0	0
w4---s1	4	12	3	0	0	0	0	0	0	0	1	0	0
w4---s3	9	7	6	0	0	0	0	0	0	0	0	0	0
w5---h10	1	3	4	5	1	0	0	0	0	0	0	0	0
w5---h2	3	5	2	4	1	1	0	0	0	0	0	0	0
w5---h4	0	0	0	0	1	0	1	0	0	0	0	0	0
w5---h5	2	6	3	4	0	2	0	0	0	0	0	0	0
w5---h6	6	25	23	6	8	2	3	0	0	0	0	0	0
w5---h7	19	58	59	29	16	8	1	1	1	1	0	1	0
w5---h8	28	61	50	27	15	6	2	2	0	0	0	0	0
w5---h9	14	16	29	16	7	3	0	0	2	1	0	0	0
w5---l0.5	16	23	3	1	1	0	0	0	0	0	0	0	0
w5---l1	23	36	25	2	2	0	0	1	0	0	0	0	0
w5---l2	50	126	34	9	2	2	0	0	0	0	0	0	0
w5---l3	13	38	10	3	0	0	0	0	0	0	0	0	0
w5---l4	11	21	9	2	1	0	0	0	0	0	0	0	0
w5---l5	5	7	6	0	0	0	0	0	0	0	0	0	0
w5---s0.5	37	58	31	3	2	1	0	0	0	0	0	0	0
w5---s4	9	9	7	1	0	0	0	0	0	0	0	0	0
w6---h10	3	1	0	1	1	0	0	0	1	0	0	0	0
w6---h3	3	5	4	4	1	1	0	0	0	0	0	0	0
w6---h5	1	2	2	1	2	0	0	0	0	0	0	0	0
w6---h6	7	17	8	8	3	2	2	1	0	0	0	0	0
w6---h7	16	38	32	13	12	4	0	3	2	0	0	0	0
w6---h8	15	35	36	25	11	5	2	2	0	0	1	0	0
w6---h9	11	13	14	7	2	1	2	2	2	0	1	0	0
w6---l0.5	4	18	6	1	1	0	0	0	0	0	0	0	0
w6---l1	15	35	9	3	1	0	0	0	0	0	0	0	0
w6---l2	15	27	7	1	0	0	0	0	0	0	1	0	0
w6---l3	3	13	2	0	0	0	0	0	0	0	0	0	0
w7---h10	0	0	2	0	0	0	0	0	0	0	0	0	0
w7---h4	0	1	0	0	0	0	0	0	0	0	0	0	0
w7---h5	0	0	0	1	0	0	0	0	0	0	0	0	0
w7---h6	2	6	9	3	2	1	0	0	0	0	0	0	0
w7---h7	5	17	9	4	2	4	0	2	0	0	0	0	0
w7---h8	4	11	5	6	7	1	1	0	0	0	0	0	0
w7---h9	2	6	5	2	2	1	1	0	0	0	0	0	0
w7---l1	12	28	13	1	0	1	0	0	0	0	0	0	0
w7---l2	3	9	1	0	0	0	0	0	0	0	0	0	0
w7---l3	10	34	8	1	1	0	0	1	0	0	0	0	0
w7---l5	5	14	5	2	2	0	0	0	0	0	0	0	0
w7---s1	8	10	6	0	0	0	0	0	0	0	0	0	0
w7---s2	14	26	8	1	0	0	0	0	0	0	0	0	0
w8---h0.5	4	12	7	5	3	0	0	1	0	0	0	0	0
w8---h10	0	2	0	0	0	0	0	0	0	0	0	0	0
w8---h5	0	2	1	0	0	0	0	0	0	0	0	0	0
w8---h6	0	4	2	3	0	0	1	0	0	0	0	0	0
w8---h7	3	16	8	4	4	0	1	0	0	1	0	0	0
w8---h8	3	7	9	4	1	0	0	1	0	0	0	0	0
w8---h9	3	6	3	2	0	1	0	0	0	0	0	0	0
w8---l1	11	35	9	1	0	0	0	0	0	0	0	0	0
w8---l4	1	13	6	0	0	0	0	0	0	0	0	0	0
w8---s0.5	4	8	7	0	0	0	0	0	0	0	0	0	0
w9---h5	0	0	0	1	1	0	0	0	0	0	0	0	0
w9---h6	0	7	3	2	1	1	0	0	0	0	0	0	0
w9---h7	3	8	11	7	2	2	0	0	1	0	0	0	0
w9---h8	1	8	3	7	4	2	1	0	0	0	0	0	0
w9---h9	0	3	5	2	1	0	0	0	0	0	0	0	0
w9---l2	1	7	7	0	0	0	0	0	0	0	0	0	0
w9---s0.5	9	13	2	1	2	0	0	0	0	0	0	0	0

average trip duration: 617.1904858231347 seconds = 00:10:17
